{"producer":{"name":"Blender","version":"2.79 (sub 0)","exporter_version":"5.6.4","file":"ChickenV2.babylon"},
"autoClear":true,"clearColor":[0.0509,0.0509,0.0509],"ambientColor":[0,0,0],"gravity":[0,-9.81,0],
"materials":[{"name":"ChickenV2.head","id":"ChickenV2.head","ambient":[0.8,0.2177,0.5725],"diffuse":[0.64,0.1741,0.458],"specular":[0.5,0.5,0.5],"emissive":[0,0,0],"specularPower":50,"alpha":1,"backFaceCulling":true,"checkReadyOnlyOnce":false,"maxSimultaneousLights":4},
{"name":"ChickenV2.tail","id":"ChickenV2.tail","ambient":[0.1215,0.1901,0.8],"diffuse":[0.0972,0.1521,0.64],"specular":[0.5,0.5,0.5],"emissive":[0,0,0],"specularPower":50,"alpha":1,"backFaceCulling":true,"checkReadyOnlyOnce":false,"maxSimultaneousLights":4},
{"name":"ChickenV2.beak","id":"ChickenV2.beak","ambient":[0.8,0.287,0.0317],"diffuse":[0.64,0.2296,0.0254],"specular":[0.5,0.5,0.5],"emissive":[0,0,0],"specularPower":50,"alpha":1,"backFaceCulling":true,"checkReadyOnlyOnce":false,"maxSimultaneousLights":4},
{"name":"ChickenV2.eye","id":"ChickenV2.eye","ambient":[0.8,0.8,0.8],"diffuse":[0.64,0.64,0.64],"specular":[0.5,0.5,0.5],"emissive":[0,0,0],"specularPower":50,"alpha":1,"backFaceCulling":true,"checkReadyOnlyOnce":false,"maxSimultaneousLights":4},
{"name":"ChickenV2.pupil","id":"ChickenV2.pupil","ambient":[0,0,0],"diffuse":[0,0,0],"specular":[0.5,0.5,0.5],"emissive":[0,0,0],"specularPower":50,"alpha":1,"backFaceCulling":true,"checkReadyOnlyOnce":false,"maxSimultaneousLights":4},
{"name":"ChickenV2.body","id":"ChickenV2.body","ambient":[0.3512,0.0227,0.8],"diffuse":[0.281,0.0182,0.64],"specular":[0.5,0.5,0.5],"emissive":[0,0,0],"specularPower":50,"alpha":1,"backFaceCulling":true,"checkReadyOnlyOnce":false,"maxSimultaneousLights":4},
{"name":"ChickenV2.wing","id":"ChickenV2.wing","ambient":[0.2824,0.8,0.0431],"diffuse":[0.2259,0.64,0.0345],"specular":[0.5,0.5,0.5],"emissive":[0,0,0],"specularPower":50,"alpha":1,"backFaceCulling":true,"checkReadyOnlyOnce":false,"maxSimultaneousLights":4},
{"name":"ChickenV2.leg","id":"ChickenV2.leg","ambient":[0.1215,0.1901,0.8],"diffuse":[0.0972,0.1521,0.64],"specular":[0.5,0.5,0.5],"emissive":[0,0,0],"specularPower":50,"alpha":1,"backFaceCulling":true,"checkReadyOnlyOnce":false,"maxSimultaneousLights":4},
{"name":"ChickenV2.crest","id":"ChickenV2.crest","ambient":[0.8,0.0213,0.0241],"diffuse":[0.64,0.017,0.0193],"specular":[0.5,0.5,0.5],"emissive":[0,0,0],"specularPower":50,"alpha":1,"backFaceCulling":true,"checkReadyOnlyOnce":false,"maxSimultaneousLights":4},
{"name":"ChickenV2.chest","id":"ChickenV2.chest","ambient":[0.8,0.8,0.8],"diffuse":[0.64,0.64,0.64],"specular":[0.5,0.5,0.5],"emissive":[0,0,0],"specularPower":50,"alpha":1,"backFaceCulling":true,"checkReadyOnlyOnce":false,"maxSimultaneousLights":4}],
"multiMaterials":[{"name":"ChickenV2.Multimaterial#0","id":"ChickenV2.Multimaterial#0","materials":["ChickenV2.head","ChickenV2.tail","ChickenV2.beak","ChickenV2.eye","ChickenV2.pupil","ChickenV2.body","ChickenV2.wing","ChickenV2.leg","ChickenV2.crest","ChickenV2.chest"]}],
"skeletons":[{"name":"Armature","id":0,"dimensionsAtRest":[0.4363,0.7554,0.4435],"bones":[
{"name":"body","index":0,"matrix":[1,0,0,0,0,1,0,0,0,0,-1,0,0,0.1033,0,1],"rest":[1,0,0,0,0,1,0,0,0,0,-1,0,0,0.1033,0,1],"parentBoneIndex":-1,"length":0.3334
,"animation":{"dataType":3,"framePerSecond":24,"keys":[
{"frame":0,"values":[1,0,0,0,0,1,0,0,0,0,-1,0,0,0.1033,0,1]},
{"frame":100,"values":[1,0,0,0,0,1,0,0,0,0,-1,0,0,0.1033,0,1]}],"loopBehavior":1,"name":"anim","property":"_matrix"}},
{"name":"head","index":1,"matrix":[1,0,0,0,0,1,0,0,0,0,1,0,0,0.4108,0,1],"rest":[1,0,0,0,0,1,0,0,0,0,1,0,0,0.4108,0,1],"parentBoneIndex":0,"length":0.2668
,"animation":{"dataType":3,"framePerSecond":24,"keys":[
{"frame":0,"values":[1,0,0,0,0,1,0,0,0,0,1,0,0,0.4108,0,1]},
{"frame":1,"values":[1,0,0,0,0,1,0.0031,0,0,-0.0031,1,0,0,0.4108,0,1]},
{"frame":2,"values":[1,0,0,0,0,0.9999,0.0126,0,0,-0.0126,0.9999,0,0,0.4108,0,1]},
{"frame":3,"values":[1,0,0,0,0,0.9996,0.028,0,0,-0.028,0.9996,0,0,0.4108,0,1]},
{"frame":4,"values":[1,0,0,0,0,0.9988,0.0482,0,0,-0.0482,0.9988,0,0,0.4108,0,1]},
{"frame":5,"values":[1,0,0,0,0,0.9975,0.071,0,0,-0.071,0.9975,0,0,0.4108,0,1]},
{"frame":6,"values":[1,0,0,0,0,0.9956,0.0937,0,0,-0.0937,0.9956,0,0,0.4108,0,1]},
{"frame":7,"values":[1,0,0,0,0,0.9935,0.1138,0,0,-0.1138,0.9935,0,0,0.4108,0,1]},
{"frame":8,"values":[1,0,0,0,0,0.9916,0.129,0,0,-0.129,0.9916,0,0,0.4108,0,1]},
{"frame":9,"values":[1,0,0,0,0,0.9904,0.1384,0,0,-0.1384,0.9904,0,0,0.4108,0,1]},
{"frame":10,"values":[1,0,0,0,0,0.9899,0.1415,0,0,-0.1415,0.9899,0,0,0.4108,0,1]},
{"frame":11,"values":[1,0,0,0,0,0.9906,0.1365,0,0,-0.1365,0.9906,0,0,0.4108,0,1]},
{"frame":12,"values":[1,0,0,0,0,0.9926,0.1211,0,0,-0.1211,0.9926,0,0,0.4108,0,1]},
{"frame":13,"values":[1,0,0,0,0,0.9954,0.0961,0,0,-0.0961,0.9954,0,0,0.4108,0,1]},
{"frame":14,"values":[1,0,0,0,0,0.998,0.0632,0,0,-0.0632,0.998,0,0,0.4108,0,1]},
{"frame":15,"values":[1,0,0,0,0,0.9997,0.0259,0,0,-0.0259,0.9997,0,0,0.4108,0,1]},
{"frame":16,"values":[1,0,0,0,0,0.9999,-0.0114,0,0,0.0114,0.9999,0,0,0.4108,0,1]},
{"frame":17,"values":[1,0,0,0,0,0.999,-0.0444,0,0,0.0444,0.999,0,0,0.4108,0,1]},
{"frame":18,"values":[1,0,0,0,0,0.9976,-0.0695,0,0,0.0695,0.9976,0,0,0.4108,0,1]},
{"frame":19,"values":[1,0,0,0,0,0.9964,-0.085,0,0,0.085,0.9964,0,0,0.4108,0,1]},
{"frame":20,"values":[1,0,0,0,0,0.9959,-0.0901,0,0,0.0901,0.9959,0,0,0.4108,0,1]},
{"frame":21,"values":[1,0,0,0,0,0.9961,-0.0881,0,0,0.0881,0.9961,0,0,0.4108,0,1]},
{"frame":22,"values":[1,0,0,0,0,0.9966,-0.0821,0,0,0.0821,0.9966,0,0,0.4108,0,1]},
{"frame":23,"values":[1,0,0,0,0,0.9974,-0.0723,0,0,0.0723,0.9974,0,0,0.4108,0,1]},
{"frame":24,"values":[1,0,0,0,0,0.9982,-0.0595,0,0,0.0595,0.9982,0,0,0.4108,0,1]},
{"frame":25,"values":[1,0,0,0,0,0.999,-0.0451,0,0,0.0451,0.999,0,0,0.4108,0,1]},
{"frame":26,"values":[1,0,0,0,0,0.9995,-0.0306,0,0,0.0306,0.9995,0,0,0.4108,0,1]},
{"frame":27,"values":[1,0,0,0,0,0.9998,-0.0178,0,0,0.0178,0.9998,0,0,0.4108,0,1]},
{"frame":28,"values":[1,0,0,0,0,1,-0.008,0,0,0.008,1,0,0,0.4108,0,1]},
{"frame":29,"values":[1,0,0,0,0,1,-0.002,0,0,0.002,1,0,0,0.4108,0,1]},
{"frame":30,"values":[1,0,0,0,0,1,0,0,0,0,1,0,0,0.4108,0,1]},
{"frame":41,"values":[1,0,0,0,0,1,-0.0085,0,0,0.0085,1,0,0,0.4108,0,1]},
{"frame":42,"values":[1,0,0,0,0,0.9994,-0.0343,0,0,0.0343,0.9994,0,0,0.4108,0,1]},
{"frame":43,"values":[1,0,0,0,0,0.9971,-0.0762,0,0,0.0762,0.9971,0,0,0.4108,0,1]},
{"frame":44,"values":[1,0,0,0,0,0.9914,-0.1309,0,0,0.1309,0.9914,0,0,0.4108,0,1]},
{"frame":45,"values":[1,0,0,0,0,0.9813,-0.1925,0,0,0.1925,0.9813,0,0,0.4108,0,1]},
{"frame":46,"values":[1,0,0,0,0,0.9674,-0.2534,0,0,0.2534,0.9674,0,0,0.4108,0,1]},
{"frame":47,"values":[1,0,0,0,0,0.952,-0.3062,0,0,0.3062,0.952,0,0,0.4108,0,1]},
{"frame":48,"values":[1,0,0,0,0,0.9383,-0.3459,0,0,0.3459,0.9383,0,0,0.4108,0,1]},
{"frame":49,"values":[1,0,0,0,0,0.9291,-0.3699,0,0,0.3699,0.9291,0,0,0.4108,0,1]},
{"frame":50,"values":[1,0,0,0,0,0.9259,-0.3778,0,0,0.3778,0.9259,0,0,0.4108,0,1]},
{"frame":51,"values":[1,0,0,0,0,0.926,-0.3775,0,0,0.3775,0.926,0,0,0.4108,0,1]},
{"frame":52,"values":[1,0,0,0,0,0.9264,-0.3766,0,0,0.3766,0.9264,0,0,0.4108,0,1]},
{"frame":53,"values":[1,0,0,0,0,0.927,-0.375,0,0,0.375,0.927,0,0,0.4108,0,1]},
{"frame":54,"values":[1,0,0,0,0,0.9279,-0.3728,0,0,0.3728,0.9279,0,0,0.4108,0,1]},
{"frame":55,"values":[1,0,0,0,0,0.9291,-0.3699,0,0,0.3699,0.9291,0,0,0.4108,0,1]},
{"frame":56,"values":[1,0,0,0,0,0.9305,-0.3664,0,0,0.3664,0.9305,0,0,0.4108,0,1]},
{"frame":57,"values":[1,0,0,0,0,0.9321,-0.3622,0,0,0.3622,0.9321,0,0,0.4108,0,1]},
{"frame":58,"values":[1,0,0,0,0,0.9339,-0.3574,0,0,0.3574,0.9339,0,0,0.4108,0,1]},
{"frame":59,"values":[1,0,0,0,0,0.936,-0.352,0,0,0.352,0.936,0,0,0.4108,0,1]},
{"frame":60,"values":[1,0,0,0,0,0.9383,-0.3459,0,0,0.3459,0.9383,0,0,0.4108,0,1]},
{"frame":61,"values":[1,0,0,0,0,0.9407,-0.3392,0,0,0.3392,0.9407,0,0,0.4108,0,1]},
{"frame":62,"values":[1,0,0,0,0,0.9433,-0.3318,0,0,0.3318,0.9433,0,0,0.4108,0,1]},
{"frame":63,"values":[1,0,0,0,0,0.9461,-0.3239,0,0,0.3239,0.9461,0,0,0.4108,0,1]},
{"frame":64,"values":[1,0,0,0,0,0.949,-0.3153,0,0,0.3153,0.949,0,0,0.4108,0,1]},
{"frame":65,"values":[1,0,0,0,0,0.952,-0.3062,0,0,0.3062,0.952,0,0,0.4108,0,1]},
{"frame":66,"values":[1,0,0,0,0,0.955,-0.2966,0,0,0.2966,0.955,0,0,0.4108,0,1]},
{"frame":67,"values":[1,0,0,0,0,0.9581,-0.2864,0,0,0.2864,0.9581,0,0,0.4108,0,1]},
{"frame":68,"values":[1,0,0,0,0,0.9612,-0.2758,0,0,0.2758,0.9612,0,0,0.4108,0,1]},
{"frame":69,"values":[1,0,0,0,0,0.9643,-0.2648,0,0,0.2648,0.9643,0,0,0.4108,0,1]},
{"frame":70,"values":[1,0,0,0,0,0.9674,-0.2534,0,0,0.2534,0.9674,0,0,0.4108,0,1]},
{"frame":71,"values":[1,0,0,0,0,0.9704,-0.2416,0,0,0.2416,0.9704,0,0,0.4108,0,1]},
{"frame":72,"values":[1,0,0,0,0,0.9733,-0.2296,0,0,0.2296,0.9733,0,0,0.4108,0,1]},
{"frame":73,"values":[1,0,0,0,0,0.9761,-0.2174,0,0,0.2174,0.9761,0,0,0.4108,0,1]},
{"frame":74,"values":[1,0,0,0,0,0.9788,-0.205,0,0,0.205,0.9788,0,0,0.4108,0,1]},
{"frame":75,"values":[1,0,0,0,0,0.9813,-0.1925,0,0,0.1925,0.9813,0,0,0.4108,0,1]},
{"frame":76,"values":[1,0,0,0,0,0.9837,-0.18,0,0,0.18,0.9837,0,0,0.4108,0,1]},
{"frame":77,"values":[1,0,0,0,0,0.9859,-0.1675,0,0,0.1675,0.9859,0,0,0.4108,0,1]},
{"frame":78,"values":[1,0,0,0,0,0.9879,-0.1551,0,0,0.1551,0.9879,0,0,0.4108,0,1]},
{"frame":79,"values":[1,0,0,0,0,0.9897,-0.1429,0,0,0.1429,0.9897,0,0,0.4108,0,1]},
{"frame":80,"values":[1,0,0,0,0,0.9914,-0.1309,0,0,0.1309,0.9914,0,0,0.4108,0,1]},
{"frame":81,"values":[1,0,0,0,0,0.9929,-0.1192,0,0,0.1192,0.9929,0,0,0.4108,0,1]},
{"frame":82,"values":[1,0,0,0,0,0.9942,-0.1078,0,0,0.1078,0.9942,0,0,0.4108,0,1]},
{"frame":83,"values":[1,0,0,0,0,0.9953,-0.0968,0,0,0.0968,0.9953,0,0,0.4108,0,1]},
{"frame":84,"values":[1,0,0,0,0,0.9963,-0.0862,0,0,0.0862,0.9963,0,0,0.4108,0,1]},
{"frame":85,"values":[1,0,0,0,0,0.9971,-0.0762,0,0,0.0762,0.9971,0,0,0.4108,0,1]},
{"frame":86,"values":[1,0,0,0,0,0.9978,-0.0666,0,0,0.0666,0.9978,0,0,0.4108,0,1]},
{"frame":87,"values":[1,0,0,0,0,0.9983,-0.0576,0,0,0.0576,0.9983,0,0,0.4108,0,1]},
{"frame":88,"values":[1,0,0,0,0,0.9988,-0.0492,0,0,0.0492,0.9988,0,0,0.4108,0,1]},
{"frame":89,"values":[1,0,0,0,0,0.9991,-0.0414,0,0,0.0414,0.9991,0,0,0.4108,0,1]},
{"frame":90,"values":[1,0,0,0,0,0.9994,-0.0343,0,0,0.0343,0.9994,0,0,0.4108,0,1]},
{"frame":91,"values":[1,0,0,0,0,0.9996,-0.0278,0,0,0.0278,0.9996,0,0,0.4108,0,1]},
{"frame":92,"values":[1,0,0,0,0,0.9998,-0.0219,0,0,0.0219,0.9998,0,0,0.4108,0,1]},
{"frame":93,"values":[1,0,0,0,0,0.9999,-0.0168,0,0,0.0168,0.9999,0,0,0.4108,0,1]},
{"frame":94,"values":[1,0,0,0,0,0.9999,-0.0123,0,0,0.0123,0.9999,0,0,0.4108,0,1]},
{"frame":95,"values":[1,0,0,0,0,1,-0.0085,0,0,0.0085,1,0,0,0.4108,0,1]},
{"frame":96,"values":[1,0,0,0,0,1,-0.0055,0,0,0.0055,1,0,0,0.4108,0,1]},
{"frame":97,"values":[1,0,0,0,0,1,-0.0031,0,0,0.0031,1,0,0,0.4108,0,1]},
{"frame":98,"values":[1,0,0,0,0,1,-0.0014,0,0,0.0014,1,0,0,0.4108,0,1]},
{"frame":99,"values":[1,0,0,0,0,1,-0.0003,0,0,0.0003,1,0,0,0.4108,0,1]},
{"frame":100,"values":[1,0,0,0,0,1,0,0,0,0,1,0,0,0.4108,0,1]}],"loopBehavior":1,"name":"anim","property":"_matrix"}},
{"name":"wing.L","index":2,"matrix":[1,-0.0178,0,0,-0.0178,-0.9998,0,0,0,0,-1,0,0.2088,0.2865,0,1],"rest":[0.9998,-0.0178,0,0,-0.0178,-0.9998,0,0,0,0,-1,0,0.2088,0.2865,0,1],"parentBoneIndex":0,"length":0.1752
,"animation":{"dataType":3,"framePerSecond":24,"keys":[
{"frame":0,"values":[1,-0.0178,0,0,-0.0178,-0.9998,0,0,0,0,-1,0,0.2088,0.2865,0,1]},
{"frame":1,"values":[1,-0.0178,0.0003,0,-0.0178,-0.9997,0.0146,0,0,-0.0146,-0.9999,0,0.2088,0.2865,0,1]},
{"frame":2,"values":[1,-0.0178,0.001,0,-0.0178,-0.9981,0.0586,0,0,-0.0586,-0.9983,0,0.2088,0.2865,0,1]},
{"frame":3,"values":[1,-0.0177,0.0023,0,-0.0178,-0.9913,0.1305,0,0,-0.1305,-0.9915,0,0.2088,0.2865,0,1]},
{"frame":4,"values":[1,-0.0174,0.004,0,-0.0178,-0.9744,0.2241,0,0,-0.2242,-0.9746,0,0.2088,0.2865,0,1]},
{"frame":5,"values":[1,-0.0168,0.0058,0,-0.0178,-0.9444,0.3283,0,0,-0.3283,-0.9446,0,0.2088,0.2865,0,1]},
{"frame":6,"values":[1,-0.0161,0.0076,0,-0.0178,-0.9033,0.4286,0,0,-0.4286,-0.9035,0,0.2088,0.2865,0,1]},
{"frame":7,"values":[1,-0.0153,0.0091,0,-0.0178,-0.8585,0.5125,0,0,-0.5126,-0.8586,0,0.2088,0.2865,0,1]},
{"frame":8,"values":[1,-0.0146,0.0102,0,-0.0178,-0.8193,0.5731,0,0,-0.5732,-0.8194,0,0.2088,0.2865,0,1]},
{"frame":9,"values":[1,-0.0141,0.0108,0,-0.0178,-0.7932,0.6086,0,0,-0.6087,-0.7934,0,0.2088,0.2865,0,1]},
{"frame":10,"values":[1,-0.014,0.011,0,-0.0178,-0.7843,0.6201,0,0,-0.6202,-0.7844,0,0.2088,0.2865,0,1]},
{"frame":11,"values":[1,-0.0141,0.0109,0,-0.0178,-0.7901,0.6127,0,0,-0.6128,-0.7903,0,0.2088,0.2865,0,1]},
{"frame":12,"values":[1,-0.0144,0.0105,0,-0.0178,-0.8078,0.5891,0,0,-0.5892,-0.808,0,0.2088,0.2865,0,1]},
{"frame":13,"values":[1,-0.0149,0.0098,0,-0.0178,-0.8362,0.5481,0,0,-0.5482,-0.8363,0,0.2088,0.2865,0,1]},
{"frame":14,"values":[1,-0.0155,0.0087,0,-0.0178,-0.872,0.4892,0,0,-0.4893,-0.8721,0,0.2088,0.2865,0,1]},
{"frame":15,"values":[1,-0.0162,0.0074,0,-0.0178,-0.91,0.4143,0,0,-0.4144,-0.9101,0,0.2088,0.2865,0,1]},
{"frame":16,"values":[1,-0.0168,0.0058,0,-0.0178,-0.9444,0.3282,0,0,-0.3283,-0.9446,0,0.2088,0.2865,0,1]},
{"frame":17,"values":[1,-0.0173,0.0042,0,-0.0178,-0.9712,0.2378,0,0,-0.2378,-0.9713,0,0.2088,0.2865,0,1]},
{"frame":18,"values":[1,-0.0176,0.0027,0,-0.0178,-0.9885,0.1499,0,0,-0.1499,-0.9887,0,0.2088,0.2865,0,1]},
{"frame":19,"values":[1,-0.0178,0.0012,0,-0.0178,-0.9974,0.0696,0,0,-0.0696,-0.9976,0,0.2088,0.2865,0,1]},
{"frame":20,"values":[1,-0.0178,0,0,-0.0178,-0.9998,0,0,0,0,-1,0,0.2088,0.2865,0,1]},
{"frame":21,"values":[1,-0.0178,-0.0012,0,-0.0178,-0.9975,-0.0688,0,0,0.0689,-0.9976,0,0.2088,0.2865,0,1]},
{"frame":22,"values":[1,-0.0176,-0.0026,0,-0.0178,-0.989,-0.1467,0,0,0.1467,-0.9892,0,0.2088,0.2865,0,1]},
{"frame":23,"values":[1,-0.0173,-0.0041,0,-0.0178,-0.9729,-0.2307,0,0,0.2308,-0.973,0,0.2088,0.2865,0,1]},
{"frame":24,"values":[1,-0.0169,-0.0056,0,-0.0178,-0.9485,-0.3163,0,0,0.3164,-0.9486,0,0.2088,0.2865,0,1]},
{"frame":25,"values":[1,-0.0163,-0.0071,0,-0.0178,-0.9175,-0.3973,0,0,0.3973,-0.9177,0,0.2088,0.2865,0,1]},
{"frame":26,"values":[1,-0.0157,-0.0083,0,-0.0178,-0.8838,-0.4675,0,0,0.4676,-0.8839,0,0.2088,0.2865,0,1]},
{"frame":27,"values":[1,-0.0152,-0.0093,0,-0.0178,-0.8523,-0.5228,0,0,0.5228,-0.8524,0,0.2088,0.2865,0,1]},
{"frame":28,"values":[1,-0.0147,-0.01,0,-0.0178,-0.8274,-0.5613,0,0,0.5614,-0.8276,0,0.2088,0.2865,0,1]},
{"frame":29,"values":[1,-0.0145,-0.0104,0,-0.0178,-0.812,-0.5834,0,0,0.5835,-0.8121,0,0.2088,0.2865,0,1]},
{"frame":30,"values":[1,-0.0144,-0.0105,0,-0.0178,-0.8069,-0.5904,0,0,0.5905,-0.807,0,0.2088,0.2865,0,1]},
{"frame":31,"values":[1,-0.0145,-0.0103,0,-0.0178,-0.815,-0.5792,0,0,0.5793,-0.8151,0,0.2088,0.2865,0,1]},
{"frame":32,"values":[1,-0.0149,-0.0097,0,-0.0178,-0.8384,-0.5448,0,0,0.5449,-0.8385,0,0.2088,0.2865,0,1]},
{"frame":33,"values":[1,-0.0156,-0.0087,0,-0.0178,-0.8736,-0.4864,0,0,0.4864,-0.8737,0,0.2088,0.2865,0,1]},
{"frame":34,"values":[1,-0.0163,-0.0072,0,-0.0178,-0.9137,-0.406,0,0,0.4061,-0.9138,0,0.2088,0.2865,0,1]},
{"frame":35,"values":[1,-0.0169,-0.0055,0,-0.0178,-0.9504,-0.3106,0,0,0.3106,-0.9505,0,0.2088,0.2865,0,1]},
{"frame":36,"values":[1,-0.0174,-0.0038,0,-0.0178,-0.9771,-0.2119,0,0,0.2119,-0.9773,0,0.2088,0.2865,0,1]},
{"frame":37,"values":[1,-0.0177,-0.0022,0,-0.0178,-0.9922,-0.1233,0,0,0.1233,-0.9924,0,0.2088,0.2865,0,1]},
{"frame":38,"values":[1,-0.0178,-0.001,0,-0.0178,-0.9983,-0.0554,0,0,0.0554,-0.9985,0,0.2088,0.2865,0,1]},
{"frame":39,"values":[1,-0.0178,-0.0002,0,-0.0178,-0.9997,-0.0138,0,0,0.0138,-0.9999,0,0.2088,0.2865,0,1]},
{"frame":40,"values":[1,-0.0178,0,0,-0.0178,-0.9998,0,0,0,0,-1,0,0.2088,0.2865,0,1]},
{"frame":41,"values":[1,0.0143,0,0,0.0143,-0.9999,0,0,0,0,-1,0,0.2088,0.2865,0,1]},
{"frame":42,"values":[0.9932,0.1176,0,0,0.1176,-0.9931,0,0,0,0,-1,0,0.2088,0.2865,0,1]},
{"frame":43,"values":[0.957,0.2907,0,0,0.2907,-0.9568,0,0,0,0,-1,0,0.2088,0.2865,0,1]},
{"frame":44,"values":[0.8675,0.4976,0,0,0.4977,-0.8674,0,0,0,0,-1,0,0.2088,0.2865,0,1]},
{"frame":45,"values":[0.7356,0.6775,0,0,0.6776,-0.7355,0,0,0,0,-1,0,0.2088,0.2865,0,1]},
{"frame":46,"values":[0.6057,0.7957,0,0,0.7959,-0.6056,0,0,0,0,-1,0,0.2088,0.2865,0,1]},
{"frame":47,"values":[0.5476,0.8368,0,0,0.8369,-0.5476,0,0,0,0,-1,0,0.2088,0.2865,0,1]},
{"frame":48,"values":[0.4123,0.9111,0,0,0.9112,-0.4122,0,0,0,0,-1,0,0.2088,0.2865,0,1]},
{"frame":49,"values":[-0.2535,0.9674,0,0,0.9675,0.2534,0,0,0,0,-1,0,0.2088,0.2865,0,1]},
{"frame":50,"values":[-0.6765,0.7365,0,0,0.7366,0.6764,0,0,0,0,-1,0,0.2088,0.2865,0,1]},
{"frame":51,"values":[-0.6608,0.7506,0,0,0.7507,0.6607,0,0,0,0,-1,0,0.2088,0.2865,0,1]},
{"frame":52,"values":[-0.6311,0.7757,0,0,0.7758,0.6311,0,0,0,0,-1,0,0.2088,0.2865,0,1]},
{"frame":53,"values":[-0.5944,0.8043,0,0,0.8044,0.5943,0,0,0,0,-1,0,0.2088,0.2865,0,1]},
{"frame":54,"values":[-0.5522,0.8338,0,0,0.8339,0.5521,0,0,0,0,-1,0,0.2088,0.2865,0,1]},
{"frame":55,"values":[-0.5053,0.863,0,0,0.8631,0.5052,0,0,0,0,-1,0,0.2088,0.2865,0,1]},
{"frame":56,"values":[-0.4542,0.8909,0,0,0.891,0.4542,0,0,0,0,-1,0,0.2088,0.2865,0,1]},
{"frame":57,"values":[-0.3993,0.9169,0,0,0.917,0.3992,0,0,0,0,-1,0,0.2088,0.2865,0,1]},
{"frame":58,"values":[-0.3407,0.9402,0,0,0.9403,0.3407,0,0,0,0,-1,0,0.2088,0.2865,0,1]},
{"frame":59,"values":[-0.279,0.9603,0,0,0.9604,0.279,0,0,0,0,-1,0,0.2088,0.2865,0,1]},
{"frame":60,"values":[-0.2146,0.9767,0,0,0.9769,0.2145,0,0,0,0,-1,0,0.2088,0.2865,0,1]},
{"frame":61,"values":[-0.1478,0.989,0,0,0.9892,0.1477,0,0,0,0,-1,0,0.2088,0.2865,0,1]},
{"frame":62,"values":[-0.0792,0.9969,0,0,0.997,0.0792,0,0,0,0,-1,0,0.2088,0.2865,0,1]},
{"frame":63,"values":[-0.0094,1,0,0,1.0001,0.0094,0,0,0,0,-1,0,0.2088,0.2865,0,1]},
{"frame":64,"values":[0.0611,0.9981,0,0,0.9983,-0.0611,0,0,0,0,-1,0,0.2088,0.2865,0,1]},
{"frame":65,"values":[0.1315,0.9913,0,0,0.9915,-0.1315,0,0,0,0,-1,0,0.2088,0.2865,0,1]},
{"frame":66,"values":[0.2013,0.9795,0,0,0.9797,-0.2013,0,0,0,0,-1,0,0.2088,0.2865,0,1]},
{"frame":67,"values":[0.27,0.9629,0,0,0.963,-0.2699,0,0,0,0,-1,0,0.2088,0.2865,0,1]},
{"frame":68,"values":[0.3368,0.9416,0,0,0.9417,-0.3368,0,0,0,0,-1,0,0.2088,0.2865,0,1]},
{"frame":69,"values":[0.4014,0.9159,0,0,0.9161,-0.4013,0,0,0,0,-1,0,0.2088,0.2865,0,1]},
{"frame":70,"values":[0.4631,0.8863,0,0,0.8865,-0.4631,0,0,0,0,-1,0,0.2088,0.2865,0,1]},
{"frame":71,"values":[0.5217,0.8532,0,0,0.8533,-0.5217,0,0,0,0,-1,0,0.2088,0.2865,0,1]},
{"frame":72,"values":[0.5768,0.8169,0,0,0.817,-0.5768,0,0,0,0,-1,0,0.2088,0.2865,0,1]},
{"frame":73,"values":[0.6283,0.7781,0,0,0.7782,-0.6282,0,0,0,0,-1,0,0.2088,0.2865,0,1]},
{"frame":74,"values":[0.6758,0.7372,0,0,0.7373,-0.6757,0,0,0,0,-1,0,0.2088,0.2865,0,1]},
{"frame":75,"values":[0.7194,0.6947,0,0,0.6948,-0.7193,0,0,0,0,-1,0,0.2088,0.2865,0,1]},
{"frame":76,"values":[0.7591,0.6511,0,0,0.6512,-0.759,0,0,0,0,-1,0,0.2088,0.2865,0,1]},
{"frame":77,"values":[0.7949,0.6069,0,0,0.607,-0.7948,0,0,0,0,-1,0,0.2088,0.2865,0,1]},
{"frame":78,"values":[0.8269,0.5625,0,0,0.5626,-0.8268,0,0,0,0,-1,0,0.2088,0.2865,0,1]},
{"frame":79,"values":[0.8553,0.5183,0,0,0.5184,-0.8552,0,0,0,0,-1,0,0.2088,0.2865,0,1]},
{"frame":80,"values":[0.8803,0.4747,0,0,0.4748,-0.8801,0,0,0,0,-1,0,0.2088,0.2865,0,1]},
{"frame":81,"values":[0.902,0.4319,0,0,0.432,-0.9019,0,0,0,0,-1,0,0.2088,0.2865,0,1]},
{"frame":82,"values":[0.9208,0.3903,0,0,0.3903,-0.9207,0,0,0,0,-1,0,0.2088,0.2865,0,1]},
{"frame":83,"values":[0.9369,0.35,0,0,0.3501,-0.9368,0,0,0,0,-1,0,0.2088,0.2865,0,1]},
{"frame":84,"values":[0.9505,0.3113,0,0,0.3113,-0.9503,0,0,0,0,-1,0,0.2088,0.2865,0,1]},
{"frame":85,"values":[0.9618,0.2742,0,0,0.2743,-0.9617,0,0,0,0,-1,0,0.2088,0.2865,0,1]},
{"frame":86,"values":[0.9711,0.2391,0,0,0.2391,-0.971,0,0,0,0,-1,0,0.2088,0.2865,0,1]},
{"frame":87,"values":[0.9787,0.2059,0,0,0.2059,-0.9786,0,0,0,0,-1,0,0.2088,0.2865,0,1]},
{"frame":88,"values":[0.9848,0.1747,0,0,0.1747,-0.9846,0,0,0,0,-1,0,0.2088,0.2865,0,1]},
{"frame":89,"values":[0.9895,0.1456,0,0,0.1456,-0.9893,0,0,0,0,-1,0,0.2088,0.2865,0,1]},
{"frame":90,"values":[0.9931,0.1187,0,0,0.1187,-0.9929,0,0,0,0,-1,0,0.2088,0.2865,0,1]},
{"frame":91,"values":[0.9957,0.094,0,0,0.0941,-0.9956,0,0,0,0,-1,0,0.2088,0.2865,0,1]},
{"frame":92,"values":[0.9976,0.0717,0,0,0.0717,-0.9974,0,0,0,0,-1,0,0.2088,0.2865,0,1]},
{"frame":93,"values":[0.9988,0.0516,0,0,0.0516,-0.9987,0,0,0,0,-1,0,0.2088,0.2865,0,1]},
{"frame":94,"values":[0.9996,0.0339,0,0,0.0339,-0.9994,0,0,0,0,-1,0,0.2088,0.2865,0,1]},
{"frame":95,"values":[1,0.0187,0,0,0.0187,-0.9998,0,0,0,0,-1,0,0.2088,0.2865,0,1]},
{"frame":96,"values":[1.0001,0.0059,0,0,0.0059,-1,0,0,0,0,-1,0,0.2088,0.2865,0,1]},
{"frame":97,"values":[1.0001,-0.0042,0,0,-0.0042,-1,0,0,0,0,-1,0,0.2088,0.2865,0,1]},
{"frame":98,"values":[1.0001,-0.0116,0,0,-0.0116,-0.9999,0,0,0,0,-1,0,0.2088,0.2865,0,1]},
{"frame":99,"values":[1,-0.0162,0,0,-0.0162,-0.9999,0,0,0,0,-1,0,0.2088,0.2865,0,1]},
{"frame":100,"values":[1,-0.0178,0,0,-0.0178,-0.9998,0,0,0,0,-1,0,0.2088,0.2865,0,1]}],"loopBehavior":1,"name":"anim","property":"_matrix"}},
{"name":"wing.R","index":3,"matrix":[1,0,0,0,0,-1,0,0,0,0,-1,0,-0.2275,0.2818,0,1],"rest":[1,0,0,0,0,-1,0,0,0,0,-1,0,-0.2275,0.2818,0,1],"parentBoneIndex":0,"length":0.1657
,"animation":{"dataType":3,"framePerSecond":24,"keys":[
{"frame":0,"values":[1,0,0,0,0,-1,0,0,0,0,-1,0,-0.2275,0.2818,0,1]},
{"frame":1,"values":[1,0,0,0,0,-0.9999,-0.0159,0,0,0.0159,-0.9999,0,-0.2275,0.2818,0,1]},
{"frame":2,"values":[1,0,0,0,0,-0.9979,-0.0642,0,0,0.0642,-0.9979,0,-0.2275,0.2818,0,1]},
{"frame":3,"values":[1,0,0,0,0,-0.9897,-0.1429,0,0,0.1429,-0.9897,0,-0.2275,0.2818,0,1]},
{"frame":4,"values":[1,0,0,0,0,-0.9694,-0.2455,0,0,0.2455,-0.9694,0,-0.2275,0.2818,0,1]},
{"frame":5,"values":[1,0,0,0,0,-0.9333,-0.3591,0,0,0.3591,-0.9333,0,-0.2275,0.2818,0,1]},
{"frame":6,"values":[1,0,0,0,0,-0.8839,-0.4677,0,0,0.4677,-0.8839,0,-0.2275,0.2818,0,1]},
{"frame":7,"values":[1,0,0,0,0,-0.8302,-0.5574,0,0,0.5574,-0.8302,0,-0.2275,0.2818,0,1]},
{"frame":8,"values":[1,0,0,0,0,-0.7835,-0.6214,0,0,0.6214,-0.7835,0,-0.2275,0.2818,0,1]},
{"frame":9,"values":[1,0,0,0,0,-0.7526,-0.6584,0,0,0.6584,-0.7526,0,-0.2275,0.2818,0,1]},
{"frame":10,"values":[1,0,0,0,0,-0.742,-0.6704,0,0,0.6704,-0.742,0,-0.2275,0.2818,0,1]},
{"frame":11,"values":[1,0,0,0,0,-0.749,-0.6625,0,0,0.6625,-0.749,0,-0.2275,0.2818,0,1]},
{"frame":12,"values":[1,0,0,0,0,-0.7702,-0.6378,0,0,0.6378,-0.7702,0,-0.2275,0.2818,0,1]},
{"frame":13,"values":[1,0,0,0,0,-0.8042,-0.5943,0,0,0.5943,-0.8042,0,-0.2275,0.2818,0,1]},
{"frame":14,"values":[1,0,0,0,0,-0.8471,-0.5314,0,0,0.5314,-0.8471,0,-0.2275,0.2818,0,1]},
{"frame":15,"values":[1,0,0,0,0,-0.8927,-0.4506,0,0,0.4506,-0.8927,0,-0.2275,0.2818,0,1]},
{"frame":16,"values":[1,0,0,0,0,-0.934,-0.3572,0,0,0.3572,-0.934,0,-0.2275,0.2818,0,1]},
{"frame":17,"values":[1,0,0,0,0,-0.966,-0.2586,0,0,0.2586,-0.966,0,-0.2275,0.2818,0,1]},
{"frame":18,"values":[1,0,0,0,0,-0.9867,-0.1628,0,0,0.1628,-0.9867,0,-0.2275,0.2818,0,1]},
{"frame":19,"values":[1,0,0,0,0,-0.9971,-0.0755,0,0,0.0755,-0.9971,0,-0.2275,0.2818,0,1]},
{"frame":20,"values":[1,0,0,0,0,-1,0,0,0,0,-1,0,-0.2275,0.2818,0,1]},
{"frame":21,"values":[1,0,0,0,0,-0.9972,0.0743,0,0,-0.0743,-0.9972,0,-0.2275,0.2818,0,1]},
{"frame":22,"values":[1,0,0,0,0,-0.9875,0.1578,0,0,-0.1578,-0.9875,0,-0.2275,0.2818,0,1]},
{"frame":23,"values":[1,0,0,0,0,-0.9688,0.2477,0,0,-0.2477,-0.9688,0,-0.2275,0.2818,0,1]},
{"frame":24,"values":[1,0,0,0,0,-0.9409,0.3388,0,0,-0.3388,-0.9409,0,-0.2275,0.2818,0,1]},
{"frame":25,"values":[1,0,0,0,0,-0.9055,0.4244,0,0,-0.4244,-0.9055,0,-0.2275,0.2818,0,1]},
{"frame":26,"values":[1,0,0,0,0,-0.8671,0.4982,0,0,-0.4982,-0.8671,0,-0.2275,0.2818,0,1]},
{"frame":27,"values":[1,0,0,0,0,-0.8313,0.5559,0,0,-0.5559,-0.8313,0,-0.2275,0.2818,0,1]},
{"frame":28,"values":[1,0,0,0,0,-0.8031,0.5958,0,0,-0.5958,-0.8031,0,-0.2275,0.2818,0,1]},
{"frame":29,"values":[1,0,0,0,0,-0.7857,0.6186,0,0,-0.6186,-0.7857,0,-0.2275,0.2818,0,1]},
{"frame":30,"values":[1,0,0,0,0,-0.7799,0.6259,0,0,-0.6259,-0.7799,0,-0.2275,0.2818,0,1]},
{"frame":31,"values":[1,0,0,0,0,-0.7891,0.6143,0,0,-0.6143,-0.7891,0,-0.2275,0.2818,0,1]},
{"frame":32,"values":[1,0,0,0,0,-0.8156,0.5786,0,0,-0.5786,-0.8156,0,-0.2275,0.2818,0,1]},
{"frame":33,"values":[1,0,0,0,0,-0.8556,0.5176,0,0,-0.5176,-0.8556,0,-0.2275,0.2818,0,1]},
{"frame":34,"values":[1,0,0,0,0,-0.9014,0.4329,0,0,-0.4329,-0.9014,0,-0.2275,0.2818,0,1]},
{"frame":35,"values":[1,0,0,0,0,-0.9434,0.3317,0,0,-0.3317,-0.9434,0,-0.2275,0.2818,0,1]},
{"frame":36,"values":[1,0,0,0,0,-0.974,0.2265,0,0,-0.2265,-0.974,0,-0.2275,0.2818,0,1]},
{"frame":37,"values":[1,0,0,0,0,-0.9913,0.1318,0,0,-0.1318,-0.9913,0,-0.2275,0.2818,0,1]},
{"frame":38,"values":[1,0,0,0,0,-0.9982,0.0592,0,0,-0.0592,-0.9982,0,-0.2275,0.2818,0,1]},
{"frame":39,"values":[1,0,0,0,0,-0.9999,0.0147,0,0,-0.0147,-0.9999,0,-0.2275,0.2818,0,1]},
{"frame":40,"values":[1,0,0,0,0,-1,0,0,0,0,-1,0,-0.2275,0.2818,0,1]},
{"frame":41,"values":[0.9985,-0.0539,0,0,-0.0539,-0.9985,0,0,0,0,-1,0,-0.2275,0.2818,0,1]},
{"frame":42,"values":[0.9752,-0.2215,0,0,-0.2215,-0.9752,0,0,0,0,-1,0,-0.2275,0.2818,0,1]},
{"frame":43,"values":[0.8774,-0.4798,0,0,-0.4798,-0.8774,0,0,0,0,-1,0,-0.2275,0.2818,0,1]},
{"frame":44,"values":[0.6863,-0.7273,0,0,-0.7273,-0.6863,0,0,0,0,-1,0,-0.2275,0.2818,0,1]},
{"frame":45,"values":[0.4981,-0.8671,0,0,-0.8671,-0.4981,0,0,0,0,-1,0,-0.2275,0.2818,0,1]},
{"frame":46,"values":[0.4247,-0.9053,0,0,-0.9053,-0.4247,0,0,0,0,-1,0,-0.2275,0.2818,0,1]},
{"frame":47,"values":[0.5055,-0.8628,0,0,-0.8628,-0.5055,0,0,0,0,-1,0,-0.2275,0.2818,0,1]},
{"frame":48,"values":[0.5771,-0.8167,0,0,-0.8167,-0.5771,0,0,0,0,-1,0,-0.2275,0.2818,0,1]},
{"frame":49,"values":[-0.3577,-0.9338,0,0,-0.9338,0.3577,0,0,0,0,-1,0,-0.2275,0.2818,0,1]},
{"frame":50,"values":[-0.9301,-0.3673,0,0,-0.3673,0.9301,0,0,0,0,-1,0,-0.2275,0.2818,0,1]},
{"frame":51,"values":[-0.9215,-0.3883,0,0,-0.3883,0.9215,0,0,0,0,-1,0,-0.2275,0.2818,0,1]},
{"frame":52,"values":[-0.9045,-0.4266,0,0,-0.4266,0.9045,0,0,0,0,-1,0,-0.2275,0.2818,0,1]},
{"frame":53,"values":[-0.8817,-0.4718,0,0,-0.4718,0.8817,0,0,0,0,-1,0,-0.2275,0.2818,0,1]},
{"frame":54,"values":[-0.8535,-0.521,0,0,-0.521,0.8535,0,0,0,0,-1,0,-0.2275,0.2818,0,1]},
{"frame":55,"values":[-0.8199,-0.5725,0,0,-0.5725,0.8199,0,0,0,0,-1,0,-0.2275,0.2818,0,1]},
{"frame":56,"values":[-0.7806,-0.625,0,0,-0.625,0.7806,0,0,0,0,-1,0,-0.2275,0.2818,0,1]},
{"frame":57,"values":[-0.7355,-0.6775,0,0,-0.6775,0.7355,0,0,0,0,-1,0,-0.2275,0.2818,0,1]},
{"frame":58,"values":[-0.6843,-0.7292,0,0,-0.7292,0.6843,0,0,0,0,-1,0,-0.2275,0.2818,0,1]},
{"frame":59,"values":[-0.6271,-0.7789,0,0,-0.7789,0.6271,0,0,0,0,-1,0,-0.2275,0.2818,0,1]},
{"frame":60,"values":[-0.564,-0.8257,0,0,-0.8257,0.564,0,0,0,0,-1,0,-0.2275,0.2818,0,1]},
{"frame":61,"values":[-0.4953,-0.8687,0,0,-0.8687,0.4953,0,0,0,0,-1,0,-0.2275,0.2818,0,1]},
{"frame":62,"values":[-0.4213,-0.9069,0,0,-0.9069,0.4213,0,0,0,0,-1,0,-0.2275,0.2818,0,1]},
{"frame":63,"values":[-0.3427,-0.9394,0,0,-0.9394,0.3427,0,0,0,0,-1,0,-0.2275,0.2818,0,1]},
{"frame":64,"values":[-0.2602,-0.9655,0,0,-0.9655,0.2602,0,0,0,0,-1,0,-0.2275,0.2818,0,1]},
{"frame":65,"values":[-0.1748,-0.9846,0,0,-0.9846,0.1748,0,0,0,0,-1,0,-0.2275,0.2818,0,1]},
{"frame":66,"values":[-0.0875,-0.9962,0,0,-0.9962,0.0875,0,0,0,0,-1,0,-0.2275,0.2818,0,1]},
{"frame":67,"values":[0.0006,-1,0,0,-1,-0.0006,0,0,0,0,-1,0,-0.2275,0.2818,0,1]},
{"frame":68,"values":[0.0884,-0.9961,0,0,-0.9961,-0.0884,0,0,0,0,-1,0,-0.2275,0.2818,0,1]},
{"frame":69,"values":[0.1747,-0.9846,0,0,-0.9846,-0.1747,0,0,0,0,-1,0,-0.2275,0.2818,0,1]},
{"frame":70,"values":[0.2586,-0.966,0,0,-0.966,-0.2586,0,0,0,0,-1,0,-0.2275,0.2818,0,1]},
{"frame":71,"values":[0.3392,-0.9407,0,0,-0.9407,-0.3392,0,0,0,0,-1,0,-0.2275,0.2818,0,1]},
{"frame":72,"values":[0.4156,-0.9096,0,0,-0.9096,-0.4156,0,0,0,0,-1,0,-0.2275,0.2818,0,1]},
{"frame":73,"values":[0.4872,-0.8733,0,0,-0.8733,-0.4872,0,0,0,0,-1,0,-0.2275,0.2818,0,1]},
{"frame":74,"values":[0.5536,-0.8328,0,0,-0.8328,-0.5536,0,0,0,0,-1,0,-0.2275,0.2818,0,1]},
{"frame":75,"values":[0.6146,-0.7889,0,0,-0.7889,-0.6146,0,0,0,0,-1,0,-0.2275,0.2818,0,1]},
{"frame":76,"values":[0.6699,-0.7424,0,0,-0.7424,-0.6699,0,0,0,0,-1,0,-0.2275,0.2818,0,1]},
{"frame":77,"values":[0.7197,-0.6943,0,0,-0.6943,-0.7197,0,0,0,0,-1,0,-0.2275,0.2818,0,1]},
{"frame":78,"values":[0.764,-0.6452,0,0,-0.6452,-0.764,0,0,0,0,-1,0,-0.2275,0.2818,0,1]},
{"frame":79,"values":[0.8031,-0.5958,0,0,-0.5958,-0.8031,0,0,0,0,-1,0,-0.2275,0.2818,0,1]},
{"frame":80,"values":[0.8373,-0.5467,0,0,-0.5467,-0.8373,0,0,0,0,-1,0,-0.2275,0.2818,0,1]},
{"frame":81,"values":[0.8669,-0.4985,0,0,-0.4985,-0.8669,0,0,0,0,-1,0,-0.2275,0.2818,0,1]},
{"frame":82,"values":[0.8923,-0.4514,0,0,-0.4514,-0.8923,0,0,0,0,-1,0,-0.2275,0.2818,0,1]},
{"frame":83,"values":[0.9139,-0.4059,0,0,-0.4059,-0.9139,0,0,0,0,-1,0,-0.2275,0.2818,0,1]},
{"frame":84,"values":[0.9321,-0.3622,0,0,-0.3622,-0.9321,0,0,0,0,-1,0,-0.2275,0.2818,0,1]},
{"frame":85,"values":[0.9472,-0.3206,0,0,-0.3206,-0.9472,0,0,0,0,-1,0,-0.2275,0.2818,0,1]},
{"frame":86,"values":[0.9596,-0.2813,0,0,-0.2813,-0.9596,0,0,0,0,-1,0,-0.2275,0.2818,0,1]},
{"frame":87,"values":[0.9697,-0.2442,0,0,-0.2442,-0.9697,0,0,0,0,-1,0,-0.2275,0.2818,0,1]},
{"frame":88,"values":[0.9778,-0.2096,0,0,-0.2096,-0.9778,0,0,0,0,-1,0,-0.2275,0.2818,0,1]},
{"frame":89,"values":[0.9841,-0.1775,0,0,-0.1775,-0.9841,0,0,0,0,-1,0,-0.2275,0.2818,0,1]},
{"frame":90,"values":[0.989,-0.1479,0,0,-0.1479,-0.989,0,0,0,0,-1,0,-0.2275,0.2818,0,1]},
{"frame":91,"values":[0.9927,-0.1209,0,0,-0.1209,-0.9927,0,0,0,0,-1,0,-0.2275,0.2818,0,1]},
{"frame":92,"values":[0.9953,-0.0965,0,0,-0.0965,-0.9953,0,0,0,0,-1,0,-0.2275,0.2818,0,1]},
{"frame":93,"values":[0.9972,-0.0747,0,0,-0.0747,-0.9972,0,0,0,0,-1,0,-0.2275,0.2818,0,1]},
{"frame":94,"values":[0.9985,-0.0556,0,0,-0.0556,-0.9985,0,0,0,0,-1,0,-0.2275,0.2818,0,1]},
{"frame":95,"values":[0.9992,-0.0391,0,0,-0.0391,-0.9992,0,0,0,0,-1,0,-0.2275,0.2818,0,1]},
{"frame":96,"values":[0.9997,-0.0254,0,0,-0.0254,-0.9997,0,0,0,0,-1,0,-0.2275,0.2818,0,1]},
{"frame":97,"values":[0.9999,-0.0145,0,0,-0.0145,-0.9999,0,0,0,0,-1,0,-0.2275,0.2818,0,1]},
{"frame":98,"values":[1,-0.0066,0,0,-0.0066,-1,0,0,0,0,-1,0,-0.2275,0.2818,0,1]},
{"frame":99,"values":[1,-0.0017,0,0,-0.0017,-1,0,0,0,0,-1,0,-0.2275,0.2818,0,1]},
{"frame":100,"values":[1,0,0,0,0,-1,0,0,0,0,-1,0,-0.2275,0.2818,0,1]}],"loopBehavior":1,"name":"anim","property":"_matrix"}},
{"name":"foot.L","index":4,"matrix":[-1,0,0,0,0,0,1,0,0,1,0,0,0.0607,-0.0758,-0.0207,1],"rest":[-1,0,0,0,0,0,1,0,0,1,0,0,0.0607,-0.0758,-0.0207,1],"parentBoneIndex":0,"length":0.197
,"animation":{"dataType":3,"framePerSecond":24,"keys":[
{"frame":0,"values":[-1,0,0,0,0,0,1,0,0,1,0,0,0.0607,-0.0758,-0.0207,1]},
{"frame":1,"values":[-1,0,0,0,0,0,1,0,0,1,0,0,0.0607,-0.0758,-0.0195,1]},
{"frame":2,"values":[-1,0,0,0,0,0,1,0,0,1,0,0,0.0607,-0.0758,-0.0161,1]},
{"frame":3,"values":[-1,0,0,0,0,0,1,0,0,1,0,0,0.0607,-0.0758,-0.0105,1]},
{"frame":4,"values":[-1,0,0,0,0,0,1,0,0,1,0,0,0.0607,-0.0758,-0.0032,1]},
{"frame":5,"values":[-1,0,0,0,0,0,1,0,0,1,0,0,0.0607,-0.0758,0.0051,1]},
{"frame":6,"values":[-1,0,0,0,0,0,1,0,0,1,0,0,0.0607,-0.0758,0.0133,1]},
{"frame":7,"values":[-1,0,0,0,0,0,1,0,0,1,0,0,0.0607,-0.0758,0.0206,1]},
{"frame":8,"values":[-1,0,0,0,0,0,1,0,0,1,0,0,0.0607,-0.0758,0.0262,1]},
{"frame":9,"values":[-1,0,0,0,0,0,1,0,0,1,0,0,0.0607,-0.0758,0.0297,1]},
{"frame":10,"values":[-1,0,0,0,0,0,1,0,0,1,0,0,0.0607,-0.0758,0.0308,1]},
{"frame":11,"values":[-1,0,0,0,0,0,1,0,0,1,0,0,0.0607,-0.0758,0.0282,1]},
{"frame":12,"values":[-1,0,0,0,0,0,1,0,0,1,0,0,0.0607,-0.0758,0.0202,1]},
{"frame":13,"values":[-1,0,0,0,0,0,1,0,0,1,0,0,0.0607,-0.0758,0.0073,1]},
{"frame":14,"values":[-1,0,0,0,0,0,1,0,0,1,0,0,0.0607,-0.0758,-0.0096,1]},
{"frame":15,"values":[-1,0,0,0,0,0,1,0,0,1,0,0,0.0607,-0.0758,-0.0288,1]},
{"frame":16,"values":[-1,0,0,0,0,0,1,0,0,1,0,0,0.0607,-0.0758,-0.048,1]},
{"frame":17,"values":[-1,0,0,0,0,0,1,0,0,1,0,0,0.0607,-0.0758,-0.0649,1]},
{"frame":18,"values":[-1,0,0,0,0,0,1,0,0,1,0,0,0.0607,-0.0758,-0.0778,1]},
{"frame":19,"values":[-1,0,0,0,0,0,1,0,0,1,0,0,0.0607,-0.0758,-0.0858,1]},
{"frame":20,"values":[-1,0,0,0,0,0,1,0,0,1,0,0,0.0607,-0.0758,-0.0884,1]},
{"frame":21,"values":[-1,0,0,0,0,0,1,0,0,1,0,0,0.0607,-0.0758,-0.088,1]},
{"frame":22,"values":[-1,0,0,0,0,0,1,0,0,1,0,0,0.0607,-0.0758,-0.0869,1]},
{"frame":23,"values":[-1,0,0,0,0,0,1,0,0,1,0,0,0.0607,-0.0758,-0.085,1]},
{"frame":24,"values":[-1,0,0,0,0,0,1,0,0,1,0,0,0.0607,-0.0758,-0.0824,1]},
{"frame":25,"values":[-1,0,0,0,0,0,1,0,0,1,0,0,0.0607,-0.0758,-0.079,1]},
{"frame":26,"values":[-1,0,0,0,0,0,1,0,0,1,0,0,0.0607,-0.0758,-0.075,1]},
{"frame":27,"values":[-1,0,0,0,0,0,1,0,0,1,0,0,0.0607,-0.0758,-0.0705,1]},
{"frame":28,"values":[-1,0,0,0,0,0,1,0,0,1,0,0,0.0607,-0.0758,-0.0654,1]},
{"frame":29,"values":[-1,0,0,0,0,0,1,0,0,1,0,0,0.0607,-0.0758,-0.0601,1]},
{"frame":30,"values":[-1,0,0,0,0,0,1,0,0,1,0,0,0.0607,-0.0758,-0.0545,1]},
{"frame":31,"values":[-1,0,0,0,0,0,1,0,0,1,0,0,0.0607,-0.0758,-0.049,1]},
{"frame":32,"values":[-1,0,0,0,0,0,1,0,0,1,0,0,0.0607,-0.0758,-0.0437,1]},
{"frame":33,"values":[-1,0,0,0,0,0,1,0,0,1,0,0,0.0607,-0.0758,-0.0386,1]},
{"frame":34,"values":[-1,0,0,0,0,0,1,0,0,1,0,0,0.0607,-0.0758,-0.034,1]},
{"frame":35,"values":[-1,0,0,0,0,0,1,0,0,1,0,0,0.0607,-0.0758,-0.03,1]},
{"frame":36,"values":[-1,0,0,0,0,0,1,0,0,1,0,0,0.0607,-0.0758,-0.0267,1]},
{"frame":37,"values":[-1,0,0,0,0,0,1,0,0,1,0,0,0.0607,-0.0758,-0.0241,1]},
{"frame":38,"values":[-1,0,0,0,0,0,1,0,0,1,0,0,0.0607,-0.0758,-0.0222,1]},
{"frame":39,"values":[-1,0,0,0,0,0,1,0,0,1,0,0,0.0607,-0.0758,-0.0211,1]},
{"frame":40,"values":[-1,0,0,0,0,0,1,0,0,1,0,0,0.0607,-0.0758,-0.0207,1]},
{"frame":41,"values":[-1,0,0,0,0,-0.0134,0.9999,0,0,0.9999,0.0134,0,0.0607,-0.0755,-0.0217,1]},
{"frame":42,"values":[-1,0,0,0,0,-0.0539,0.9985,0,0,0.9985,0.0539,0,0.0607,-0.0745,-0.0246,1]},
{"frame":43,"values":[-1,0,0,0,0,-0.1199,0.9928,0,0,0.9928,0.1199,0,0.0607,-0.0728,-0.0293,1]},
{"frame":44,"values":[-1,0,0,0,0,-0.206,0.9785,0,0,0.9785,0.206,0,0.0607,-0.0707,-0.0355,1]},
{"frame":45,"values":[-1,0,0,0,0,-0.3021,0.9533,0,0,0.9533,0.3021,0,0.0607,-0.0683,-0.0426,1]},
{"frame":46,"values":[-1,0,0,0,0,-0.3952,0.9186,0,0,0.9186,0.3952,0,0.0607,-0.0658,-0.0496,1]},
{"frame":47,"values":[-1,0,0,0,0,-0.4738,0.8807,0,0,0.8807,0.4738,0,0.0607,-0.0637,-0.0558,1]},
{"frame":48,"values":[-1,0,0,0,0,-0.5311,0.8473,0,0,0.8473,0.5311,0,0.0607,-0.062,-0.0606,1]},
{"frame":49,"values":[-1,0,0,0,0,-0.5649,0.8251,0,0,0.8251,0.5649,0,0.0607,-0.061,-0.0635,1]},
{"frame":50,"values":[-1,0,0,0,0,-0.5759,0.8175,0,0,0.8175,0.5759,0,0.0607,-0.0607,-0.0645,1]},
{"frame":51,"values":[-1,0,0,0,0,-0.5755,0.8178,0,0,0.8178,0.5755,0,0.0607,-0.0607,-0.0644,1]},
{"frame":52,"values":[-1,0,0,0,0,-0.5742,0.8187,0,0,0.8187,0.5742,0,0.0607,-0.0608,-0.0643,1]},
{"frame":53,"values":[-1,0,0,0,0,-0.572,0.8202,0,0,0.8202,0.572,0,0.0607,-0.0608,-0.0641,1]},
{"frame":54,"values":[-1,0,0,0,0,-0.5689,0.8224,0,0,0.8224,0.5689,0,0.0607,-0.0609,-0.0638,1]},
{"frame":55,"values":[-1,0,0,0,0,-0.5649,0.8251,0,0,0.8251,0.5649,0,0.0607,-0.061,-0.0635,1]},
{"frame":56,"values":[-1,0,0,0,0,-0.56,0.8285,0,0,0.8285,0.56,0,0.0607,-0.0612,-0.0631,1]},
{"frame":57,"values":[-1,0,0,0,0,-0.5542,0.8324,0,0,0.8324,0.5542,0,0.0607,-0.0614,-0.0625,1]},
{"frame":58,"values":[-1,0,0,0,0,-0.5474,0.8369,0,0,0.8369,0.5474,0,0.0607,-0.0616,-0.062,1]},
{"frame":59,"values":[-1,0,0,0,0,-0.5397,0.8419,0,0,0.8419,0.5397,0,0.0607,-0.0618,-0.0613,1]},
{"frame":60,"values":[-1,0,0,0,0,-0.5311,0.8473,0,0,0.8473,0.5311,0,0.0607,-0.062,-0.0606,1]},
{"frame":61,"values":[-1,0,0,0,0,-0.5215,0.8533,0,0,0.8533,0.5215,0,0.0607,-0.0623,-0.0598,1]},
{"frame":62,"values":[-1,0,0,0,0,-0.5109,0.8596,0,0,0.8596,0.5109,0,0.0607,-0.0626,-0.0589,1]},
{"frame":63,"values":[-1,0,0,0,0,-0.4994,0.8664,0,0,0.8664,0.4994,0,0.0607,-0.063,-0.0579,1]},
{"frame":64,"values":[-1,0,0,0,0,-0.487,0.8734,0,0,0.8734,0.487,0,0.0607,-0.0633,-0.0569,1]},
{"frame":65,"values":[-1,0,0,0,0,-0.4738,0.8807,0,0,0.8807,0.4738,0,0.0607,-0.0637,-0.0558,1]},
{"frame":66,"values":[-1,0,0,0,0,-0.4596,0.8881,0,0,0.8881,0.4596,0,0.0607,-0.0641,-0.0547,1]},
{"frame":67,"values":[-1,0,0,0,0,-0.4446,0.8957,0,0,0.8957,0.4446,0,0.0607,-0.0645,-0.0535,1]},
{"frame":68,"values":[-1,0,0,0,0,-0.4288,0.9034,0,0,0.9034,0.4288,0,0.0607,-0.0649,-0.0522,1]},
{"frame":69,"values":[-1,0,0,0,0,-0.4123,0.911,0,0,0.911,0.4123,0,0.0607,-0.0654,-0.0509,1]},
{"frame":70,"values":[-1,0,0,0,0,-0.3952,0.9186,0,0,0.9186,0.3952,0,0.0607,-0.0658,-0.0496,1]},
{"frame":71,"values":[-1,0,0,0,0,-0.3774,0.9261,0,0,0.9261,0.3774,0,0.0607,-0.0663,-0.0482,1]},
{"frame":72,"values":[-1,0,0,0,0,-0.3591,0.9333,0,0,0.9333,0.3591,0,0.0607,-0.0668,-0.0468,1]},
{"frame":73,"values":[-1,0,0,0,0,-0.3404,0.9403,0,0,0.9403,0.3404,0,0.0607,-0.0673,-0.0454,1]},
{"frame":74,"values":[-1,0,0,0,0,-0.3214,0.947,0,0,0.947,0.3214,0,0.0607,-0.0678,-0.044,1]},
{"frame":75,"values":[-1,0,0,0,0,-0.3021,0.9533,0,0,0.9533,0.3021,0,0.0607,-0.0683,-0.0426,1]},
{"frame":76,"values":[-1,0,0,0,0,-0.2827,0.9592,0,0,0.9592,0.2827,0,0.0607,-0.0688,-0.0411,1]},
{"frame":77,"values":[-1,0,0,0,0,-0.2633,0.9647,0,0,0.9647,0.2633,0,0.0607,-0.0692,-0.0397,1]},
{"frame":78,"values":[-1,0,0,0,0,-0.244,0.9698,0,0,0.9698,0.244,0,0.0607,-0.0697,-0.0383,1]},
{"frame":79,"values":[-1,0,0,0,0,-0.2249,0.9744,0,0,0.9744,0.2249,0,0.0607,-0.0702,-0.0369,1]},
{"frame":80,"values":[-1,0,0,0,0,-0.206,0.9785,0,0,0.9785,0.206,0,0.0607,-0.0707,-0.0355,1]},
{"frame":81,"values":[-1,0,0,0,0,-0.1876,0.9822,0,0,0.9822,0.1876,0,0.0607,-0.0711,-0.0342,1]},
{"frame":82,"values":[-1,0,0,0,0,-0.1697,0.9855,0,0,0.9855,0.1697,0,0.0607,-0.0716,-0.0329,1]},
{"frame":83,"values":[-1,0,0,0,0,-0.1524,0.9883,0,0,0.9883,0.1524,0,0.0607,-0.072,-0.0317,1]},
{"frame":84,"values":[-1,0,0,0,0,-0.1358,0.9907,0,0,0.9907,0.1358,0,0.0607,-0.0724,-0.0305,1]},
{"frame":85,"values":[-1,0,0,0,0,-0.1199,0.9928,0,0,0.9928,0.1199,0,0.0607,-0.0728,-0.0293,1]},
{"frame":86,"values":[-1,0,0,0,0,-0.1049,0.9945,0,0,0.9945,0.1049,0,0.0607,-0.0732,-0.0282,1]},
{"frame":87,"values":[-1,0,0,0,0,-0.0907,0.9959,0,0,0.9959,0.0907,0,0.0607,-0.0736,-0.0272,1]},
{"frame":88,"values":[-1,0,0,0,0,-0.0774,0.997,0,0,0.997,0.0774,0,0.0607,-0.0739,-0.0263,1]},
{"frame":89,"values":[-1,0,0,0,0,-0.0652,0.9979,0,0,0.9979,0.0652,0,0.0607,-0.0742,-0.0254,1]},
{"frame":90,"values":[-1,0,0,0,0,-0.0539,0.9985,0,0,0.9985,0.0539,0,0.0607,-0.0745,-0.0246,1]},
{"frame":91,"values":[-1,0,0,0,0,-0.0437,0.999,0,0,0.999,0.0437,0,0.0607,-0.0747,-0.0238,1]},
{"frame":92,"values":[-1,0,0,0,0,-0.0345,0.9994,0,0,0.9994,0.0345,0,0.0607,-0.075,-0.0232,1]},
{"frame":93,"values":[-1,0,0,0,0,-0.0264,0.9997,0,0,0.9997,0.0264,0,0.0607,-0.0752,-0.0226,1]},
{"frame":94,"values":[-1,0,0,0,0,-0.0193,0.9998,0,0,0.9998,0.0193,0,0.0607,-0.0753,-0.0221,1]},
{"frame":95,"values":[-1,0,0,0,0,-0.0134,0.9999,0,0,0.9999,0.0134,0,0.0607,-0.0755,-0.0217,1]},
{"frame":96,"values":[-1,0,0,0,0,-0.0086,1,0,0,1,0.0086,0,0.0607,-0.0756,-0.0213,1]},
{"frame":97,"values":[-1,0,0,0,0,-0.0048,1,0,0,1,0.0048,0,0.0607,-0.0757,-0.021,1]},
{"frame":98,"values":[-1,0,0,0,0,-0.0021,1,0,0,1,0.0021,0,0.0607,-0.0758,-0.0208,1]},
{"frame":99,"values":[-1,0,0,0,0,-0.0005,1,0,0,1,0.0005,0,0.0607,-0.0758,-0.0207,1]},
{"frame":100,"values":[-1,0,0,0,0,0,1,0,0,1,0,0,0.0607,-0.0758,-0.0207,1]}],"loopBehavior":1,"name":"anim","property":"_matrix"}},
{"name":"foot.R","index":5,"matrix":[-1,0,0,0,0,0,1,0,0,1,0,0,-0.0924,-0.0778,-0.0207,1],"rest":[-1,0,0,0,0,0,1,0,0,1,0,0,-0.0924,-0.0778,-0.0207,1],"parentBoneIndex":0,"length":0.197
,"animation":{"dataType":3,"framePerSecond":24,"keys":[
{"frame":0,"values":[-1,0,0,0,0,0,1,0,0,1,0,0,-0.0924,-0.0778,-0.0207,1]},
{"frame":1,"values":[-1,0,0,0,0,0,1,0,0,1,0,0,-0.0924,-0.0778,-0.0222,1]},
{"frame":2,"values":[-1,0,0,0,0,0,1,0,0,1,0,0,-0.0924,-0.0778,-0.0266,1]},
